3
0
0
0
0
0
2
0
2
0
2
0
2
4
0
0
0
0
0
0
0
2
0
2
0
2
4
0
0
0
0
0
0
0
40
0
0
0
0
0
0
0
2
10
2
10
2
0
2
4
0
0
0
0
0
0
0
1
4
0
0
0
0
0
0
0
1
20
1
0
1
8
8
8
8
8
8
8
8
8
8
8
8
8
8
8
8
8
8
8
8
8
8
8
8
8
8
8
8
8
8
8
8
8
8
8
8
8
8
8
8
8
8
8
8
8
8
8
8
8
8
8
8
8
10
20
10
20
10
20
10
20
10
20
10
20
10
20
10
22
0
0
0
0
0
0
0
2
0
0
2
0
2
4
0
0
0
0
0
0
0
2
10
8
8
8
8
8
8
8
8
8
8
8
8
8
8
8
8
8
8
8
8
8
8
8
8
8
8
8
8
8
8
8
8
8
8
8
8
8
8
8
8
8
8
8
8
8
8
8
8
8
8
8
8
2
4
0
0
0
0
0
0
0
40
1
10
1
0
1
4
0
0
0
0
0
0
0
28
8
8
8
8
8
8
8
8
8
8
8
8
8
8
8
8
8
8
8
8
8
8
8
8
8
8
8
8
8
8
8
8
8
8
8
8
8
8
8
8
8
8
8
8
8
8
8
8
20
4
0
0
0
0
0
0
0
40
1
4
0
0
0
0
0
0
0
1
10
1
8
8
8
8
8
8
8
8
8
8
8
8
8
8
8
8
8
8
8
8
8
8
8
8
8
8
8
8
8
8
8
8
8
8
8
8
8
8
8
8
8
8
8
8
8
8
8
10
4
0
0
0
0
0
0
0
0
0
0
0
0
0
0
0
0
0
0
0
0
0
0
0
0
0
0
0
0
0
0
0
0
0
0
0
0
0
0
0
0
0
0
0
0
0
0
0
0
40
4
0
0
0
0
0
0
0
0
0
0
0
0
0
0
0
0
0
0
0
0
0
0
0
0
0
0
0
0
0
0
0
0
0
0
0
0
0
0
0
0
0
0
0
1
10
1
10
1
4
